(* roots with w = -2 for n = 3, phi = 1/10 *)

rts22 = {-0.250925831539884,-0.141443962970367,-0.0479019409956166,0.0410718909448329,0.134225108056805,0.243357093945690,-0.250925831539884+1.57079632679490 I,-0.141443962970367+1.57079632679490 I,-0.0479019409956166+1.57079632679490 I,0.0410718909448329+1.57079632679490 I,0.134225108056805+1.57079632679490 I,0.243357093945690+1.57079632679490 I,0.493614167780879+0.785398163397448 I,0.493614167780879+2.35619449019234 I,0.494761887414984+0.159238262266674 I,0.494761887414984+2.98235439132312 I,0.494761887414984+1.41155806452822 I,0.494761887414984+1.73003458906157 I,0.605648243930345+2.67102036722048 I,0.605648243930345+0.470572286369317 I,0.605648243930345+1.10022404042558 I,0.605648243930345+2.04136861316421 I};

rts30 = {-0.353903345683615,-0.252689673915479,-0.171352394752198,-0.100369349406252,-0.0345853081581653,0.0295413458110457,0.0951137553636582,0.165644789551996,0.246265421915027,0.346865651258997,-0.353903345683615+1.57079632679490 I,-0.252689673915479+1.57079632679490 I,-0.171352394752198+1.57079632679490 I,-0.100369349406252+1.57079632679490 I,-0.0345853081581653+1.57079632679490 I,0.0295413458110457+1.57079632679490 I,0.0951137553636582+1.57079632679490 I,0.165644789551996+1.57079632679490 I,0.246265421915027+1.57079632679490 I,0.346865651258997+1.57079632679490 I,0.590348470811243+0.785398163397448 I,0.590348470811243+2.35619449019234 I,0.591354013064531+0.159238559454064 I,0.591354013064531+2.98235409413573 I,0.591354013064531+1.41155776734083 I,0.591354013064531+1.73003488624896 I,0.700954953153287+2.67104144171813 I,0.700954953153287+0.470551211871667 I,0.700954953153287+1.10024511492323 I,0.700954953153287+2.04134753866656 I};

rts50 = {-0.514162417010521,-0.418376404400040,-0.344450994259554,-0.283266740398592,-0.230261775253440,-0.182787705766834,-0.139137553946122,-0.0981147272495922,-0.0588143391456455,-0.0204988172140639,0.0174818096105110,0.0557491035727525,0.0949492289285450,0.135811451640994,0.179226276566348,0.226367001833591,0.278904035317624,0.339432739259818,0.412473217080805,0.507489330148772,-0.514162417010521+1.57079632679490 I,-0.418376404400040+1.57079632679490 I,-0.344450994259554+1.57079632679490 I,-0.283266740398592+1.57079632679490 I,-0.230261775253440+1.57079632679490 I,-0.182787705766834+1.57079632679490 I,-0.139137553946122+1.57079632679490 I,-0.0981147272495922+1.57079632679490 I,-0.0588143391456455+1.57079632679490 I,-0.0204988172140639+1.57079632679490 I,0.0174818096105110+1.57079632679490 I,0.0557491035727525+1.57079632679490 I,0.0949492289285450+1.57079632679490 I,0.135811451640994+1.57079632679490 I,0.179226276566348+1.57079632679490 I,0.226367001833591+1.57079632679490 I,0.278904035317624+1.57079632679490 I,0.339432739259818+1.57079632679490 I,0.412473217080805+1.57079632679490 I,0.507489330148772+1.57079632679490 I,0.746266462827220+0.785398163397448 I,0.746266462827220+2.35619449019234 I,0.747171481507865+0.159235710541590 I,0.747171481507865+2.98235694304820 I,0.747171481507865+1.41156061625331 I,0.747171481507865+1.73003203733649 I,0.855849912546493+2.67105702629028 I,0.855849912546493+0.470535627299510 I,0.855849912546493+1.10026069949539 I,0.855849912546493+2.04133195409441 I};
